data-raw/LC_corine/example_grid.asc
ncols 134
nrows 167
xllcorner 659356
yllcorner 5535360
cellsize 1000
nodata_value -9999
[rows 68 to 101 of 167, columns 0 to 76 of 134]
457.5 457.5 457.5 457.5 459.8 459.8 455.3 455.3 455.3 456.4 458.8 456.4 456.4 456.4 456.4 465.7 465.7 465.7 465.7 467.8 483.3 487.4 481.6 449.4 449.4 443.1 443.1 443.1 443.1 455.0 452.2 442.3 442.3 442.3 442.3 441.2 441.2 441.2 441.2 441.2 440.7 440.7 440.7 440.7 440.7 451.9 453.0 441.5 453.0 453.0 441.5 457.8 457.8 457.8 457.8 486.8 469.3 475.9 475.9 455.5 455.5 459.2 459.2 459.2 490.0 490.0 492.9 492.9 492.9 492.9 492.9 481.9 491.2 491.2 487.0 487.0 491.2
460.3 457.5 457.5 457.5 455.3 455.3 455.3 455.3 455.3 456.4 456.4 456.4 450.1 450.1 450.1 467.7 467.7 467.7 439.5 439.5 449.4 449.4 481.6 482.5 449.4 443.1 443.1 443.1 443.1 458.6 444.8 461.5 444.8 444.8 442.3 441.2 441.2 463.1 441.2 453.0 441.2 457.2 440.7 440.7 440.7 451.9 441.5 453.0 453.0 453.0 453.0 457.8 457.8 457.8 457.8 457.8 469.3 485.5 475.9 480.0 455.5 459.2 474.0 459.2 459.2 459.2 492.9 492.9 492.9 492.9 492.9 481.9 487.0 487.2 487.2 487.0 487.0
457.5 457.5 460.3 460.3 459.8 455.3 455.3 455.3 455.3 456.4 456.4 456.4 456.4 456.4 456.4 467.7 467.7 467.7 439.5 439.5 480.2 480.2 480.2 449.4 483.3 443.1 443.1 458.6 458.6 447.4 442.3 461.5 444.8 444.8 442.3 441.2 441.2 441.2 441.2 441.2 441.2 457.2 440.7 440.7 440.7 451.9 453.0 441.5 441.5 441.5 441.5 457.8 457.8 457.8 486.8 472.1 469.3 474.0 469.3 480.0 469.3 487.8 487.8 459.2 459.2 474.0 492.9 492.9 492.9 492.9 492.9 492.9 487.0 491.2 491.2 492.4 491.2
457.5 457.5 457.5 457.5 455.3 455.3 455.3 455.3 457.8 458.4 456.4 456.4 456.4 456.4 456.4 465.7 467.7 467.7 467.7 439.5 449.4 482.5 482.5 449.4 449.4 443.1 455.0 447.4 458.6 443.1 442.3 461.5 442.3 442.3 442.3 441.2 441.2 441.2 441.2 441.2 441.2 440.7 440.7 451.9 440.7 451.9 441.5 453.0 441.5 456.6 469.3 486.8 486.8 486.8 486.8 486.8 469.3 474.0 482.5 475.9 480.0 475.2 474.0 474.0 488.4 -9999 482.6 492.9 492.9 483.0 492.9 481.9 491.2 492.4 491.2 486.7 486.7
457.5 457.5 457.5 459.9 457.8 455.3 455.3 455.3 455.3 458.4 458.4 458.4 456.4 456.4 456.4 465.7 465.7 467.7 439.5 439.5 481.6 -9999 449.4 460.7 460.7 455.0 447.4 447.4 458.6 443.1 444.8 444.8 442.3 442.3 442.3 441.2 441.2 441.2 441.2 453.0 441.2 440.7 440.7 440.7 440.7 440.7 441.5 441.5 441.5 441.5 476.9 498.2 476.2 484.9 484.9 460.6 468.7 484.4 482.0 480.7 480.7 484.7 472.4 472.4 457.3 -9999 -9999 488.3 488.3 488.3 488.3 476.7 494.9 495.0 495.0 495.0 495.0
452.9 452.9 452.9 428.5 459.3 459.3 459.3 459.3 459.3 466.4 439.1 439.1 439.1 466.4 466.4 480.6 480.6 445.9 445.9 477.2 474.0 451.7 451.7 451.7 448.5 442.1 440.8 451.1 451.1 442.1 447.1 456.0 444.6 444.6 444.6 443.1 443.1 443.1 443.1 443.1 443.1 438.8 438.8 438.8 438.8 438.8 446.5 446.5 446.5 477.3 474.9 484.9 460.6 484.9 484.9 484.9 484.4 484.4 484.4 484.4 493.9 475.9 484.7 484.7 457.3 457.3 475.4 479.5 460.9 460.9 488.3 476.8 494.9 494.9 494.9 494.9 505.6
452.9 454.8 428.5 428.5 432.6 432.6 432.6 432.6 432.6 432.6 451.3 451.3 451.3 439.1 439.1 445.9 445.9 445.9 477.2 475.7 451.7 451.7 451.7 451.7 451.7 440.8 440.8 451.1 442.1 442.1 456.0 444.6 456.0 444.6 444.6 453.4 443.1 443.1 443.1 443.1 443.1 438.8 438.8 438.8 438.8 466.7 477.3 488.8 488.8 477.3 485.7 460.6 472.7 484.9 472.7 462.8 468.7 484.4 484.4 484.4 484.4 486.4 475.9 475.9 484.7 484.7 475.4 -9999 479.5 485.9 460.9 476.8 494.9 494.9 495.0 495.0 494.9
454.9 428.5 428.5 428.5 443.2 443.2 432.6 443.2 443.2 432.6 451.3 451.3 439.1 451.3 439.1 445.9 445.9 477.2 445.9 445.9 448.5 448.5 448.5 448.5 451.7 440.8 442.1 440.8 442.1 451.1 444.6 456.0 455.2 455.2 444.6 443.1 443.1 443.1 443.1 443.1 443.1 438.8 438.8 466.7 468.1 468.1 488.8 488.8 488.8 477.3 485.7 484.9 472.7 472.7 484.9 484.9 468.7 484.4 484.4 493.9 484.4 488.5 475.9 484.7 484.7 484.7 475.4 479.5 445.6 485.9 485.9 485.9 494.9 494.9 494.9 505.6 494.9
439.9 452.9 428.5 447.1 443.2 443.2 432.6 432.6 443.2 432.6 439.1 451.3 451.3 439.1 451.3 445.9 477.2 477.2 450.0 461.6 459.9 474.0 448.5 448.5 451.7 440.8 440.8 448.0 448.0 448.0 455.2 447.1 444.6 470.5 470.5 443.1 464.0 464.0 464.0 464.0 464.0 466.7 463.2 463.2 461.7 469.6 488.8 488.8 488.8 485.7 485.7 472.7 472.7 484.9 484.9 484.9 484.4 484.4 480.7 493.9 484.4 488.5 488.5 484.7 484.7 484.7 475.4 475.4 445.6 475.4 475.4 485.9 495.0 505.6 495.0 505.6 495.0
439.9 439.9 439.9 428.5 443.2 443.2 443.2 443.2 432.6 443.2 439.1 439.1 439.1 460.5 460.5 477.2 477.2 445.9 459.2 445.9 461.9 459.9 448.5 474.0 448.5 448.0 448.0 440.8 448.0 440.8 444.6 444.6 444.6 465.4 470.5 465.6 468.8 468.8 468.8 468.8 468.8 466.7 466.7 461.7 461.7 469.6 488.8 488.8 488.8 485.7 464.1 472.7 484.9 484.9 460.6 484.9 484.4 484.4 493.9 480.7 480.7 488.5 488.5 475.9 484.7 484.7 478.3 472.7 472.7 472.7 472.7 482.7 479.0 490.3 479.0 490.3 479.2
439.5 439.5 439.5 439.5 442.2 442.2 442.2 442.2 442.2 442.2 464.6 464.6 462.2 439.9 439.9 430.1 437.9 430.1 437.9 450.8 460.2 460.2 460.2 447.8 471.0 461.2 461.2 461.2 451.7 451.7 460.9 460.9 456.0 457.5 460.9 458.1 458.1 460.0 460.0 460.0 458.1 464.9 462.6 467.4 467.4 467.4 466.1 -9999 470.9 470.9 470.9 472.8 484.3 482.8 482.8 482.8 481.9 481.9 484.2 484.2 484.2 481.1 481.1 481.1 478.3 490.8 490.8 472.7 472.7 472.7 482.7 482.7 490.3 490.3 479.2 479.2 490.3
454.9 429.3 439.5 429.3 454.8 442.2 470.1 470.1 471.7 471.7 462.2 462.2 439.9 439.9 439.9 438.7 430.1 430.1 437.9 450.8 460.2 460.2 460.2 460.2 447.8 451.7 461.2 477.2 477.2 477.2 460.9 456.0 460.9 460.9 460.9 458.1 460.0 460.0 460.0 460.0 460.0 462.6 462.6 467.4 462.6 462.6 459.9 459.9 470.9 470.9 470.9 482.8 482.8 482.8 482.8 482.8 481.9 481.9 484.2 484.2 484.2 481.1 481.1 481.1 478.3 478.3 478.3 472.7 472.7 472.7 472.7 482.7 490.3 490.3 479.0 479.2 490.3
455.2 453.8 453.8 429.3 471.7 471.7 471.7 471.7 470.1 470.1 439.9 439.9 439.9 439.9 439.9 437.9 430.1 437.9 437.9 430.1 447.8 460.2 460.2 447.8 447.8 477.2 473.5 473.5 474.5 477.2 457.5 460.9 460.9 463.1 463.1 460.0 460.0 456.1 456.1 456.1 456.1 467.4 467.4 462.6 462.6 467.4 470.9 470.9 470.9 470.9 466.1 482.8 460.4 482.8 461.5 482.8 472.1 481.9 472.1 484.2 472.1 481.1 481.1 481.1 481.1 478.3 478.3 472.7 472.7 472.7 472.7 482.7 491.4 491.4 479.0 490.3 479.2
453.8 453.8 455.2 453.8 471.7 442.2 442.2 454.8 454.8 442.2 439.9 449.8 449.8 449.8 439.9 430.1 437.9 437.9 430.1 437.9 447.8 447.8 475.3 475.3 471.0 477.2 477.2 474.5 474.5 477.2 460.9 457.5 457.8 463.1 463.1 460.0 456.1 456.1 456.1 456.1 456.1 -9999 462.6 462.6 462.6 467.4 470.9 466.1 470.9 470.9 470.9 482.8 460.4 482.8 482.8 482.8 481.9 481.9 481.9 484.2 481.9 478.3 481.1 481.1 478.3 467.6 481.1 472.7 472.7 472.7 482.7 472.7 491.4 491.4 491.4 479.2 479.0
453.8 453.8 455.2 439.5 479.5 -9999 442.2 454.8 442.2 454.8 449.8 449.8 449.8 439.9 449.8 437.9 437.9 449.9 437.9 430.1 475.3 475.3 471.0 471.0 475.3 474.5 474.5 477.2 474.5 474.5 457.5 463.1 463.1 457.8 463.1 463.1 460.0 456.1 448.8 448.8 448.8 462.6 462.6 462.6 462.6 467.8 471.0 466.1 466.1 466.1 471.0 -9999 482.8 482.8 482.8 472.8 472.1 484.2 484.2 481.9 472.1 478.3 481.1 481.1 478.3 467.6 478.3 472.7 482.7 482.7 482.7 482.7 491.4 478.9 478.9 478.9 478.9
455.2 439.5 439.5 439.5 470.1 468.2 440.9 440.9 440.9 451.9 446.7 434.6 434.6 446.7 446.7 451.2 451.2 451.2 438.1 463.7 453.8 449.8 453.8 453.8 453.8 457.1 453.4 457.1 457.1 452.7 448.5 448.5 448.5 445.4 445.4 448.5 449.9 449.9 449.9 449.9 449.9 457.8 -9999 457.8 451.0 462.1 464.5 464.5 469.0 464.5 469.0 460.6 462.0 481.9 481.9 472.8 473.6 473.6 484.3 484.3 484.3 481.1 481.1 481.1 481.1 481.1 459.4 481.3 492.9 492.9 492.9 492.9 486.6 486.6 486.6 461.9 476.3
440.3 441.7 454.9 440.3 467.7 468.2 451.9 451.9 451.9 451.9 446.7 446.7 446.7 446.7 446.7 451.2 438.1 438.1 463.7 458.7 453.8 453.8 453.8 453.8 456.4 457.1 457.1 457.1 457.1 458.1 448.8 445.4 445.4 448.5 448.5 445.4 446.2 446.2 449.9 449.9 449.9 457.8 462.1 457.8 460.9 457.8 464.5 464.5 469.0 469.0 469.0 481.9 481.9 460.6 481.9 472.8 473.6 481.3 481.3 481.3 481.3 472.0 472.0 481.1 481.1 481.1 459.4 492.9 492.9 492.9 492.9 492.9 485.3 486.6 486.6 461.9 476.3
441.7 440.3 440.3 440.3 467.7 468.2 468.2 440.9 451.9 451.9 446.7 446.7 446.7 434.6 434.6 438.1 438.1 438.1 462.6 462.6 451.7 453.8 453.8 456.4 456.4 457.1 457.1 457.1 457.1 457.1 445.4 445.4 448.5 448.5 445.4 448.5 446.2 -9999 449.9 449.9 449.9 460.9 460.9 457.8 462.1 462.1 469.0 469.0 469.0 -9999 469.0 481.9 484.4 460.6 472.8 472.8 473.6 481.3 481.3 481.3 481.3 472.0 472.0 472.0 472.0 481.1 481.1 492.9 492.9 492.9 492.9 492.9 485.3 485.3 485.3 476.3 485.3
445.2 445.2 445.2 440.3 451.9 451.9 467.7 -9999 467.7 468.4 459.0 459.0 434.6 434.6 434.6 438.1 462.6 462.6 462.6 462.6 451.7 456.4 456.4 456.4 456.4 452.7 457.1 457.1 457.1 452.7 445.4 448.5 448.5 448.5 442.5 442.5 446.2 449.9 449.9 449.9 449.9 460.9 462.1 457.8 462.1 447.6 453.1 457.7 469.0 469.0 469.0 481.9 484.4 481.9 472.8 481.9 481.3 481.3 481.3 481.3 473.6 472.0 472.0 481.1 481.1 481.1 459.4 468.8 492.9 492.9 492.9 492.9 486.6 486.6 485.3 485.3 475.8
456.1 445.2 445.2 445.2 451.9 451.9 467.7 468.2 467.7 467.7 459.0 459.0 458.3 458.3 459.0 463.7 463.7 463.7 463.7 463.7 456.4 456.4 456.4 456.4 451.6 457.1 457.1 457.1 457.1 443.2 448.5 438.3 448.5 448.5 442.5 442.5 446.2 449.9 449.9 449.4 449.4 460.9 462.1 447.6 460.9 447.6 469.0 469.0 453.1 469.0 469.0 484.4 472.8 460.6 481.9 481.9 481.3 481.3 481.3 473.6 481.3 481.1 481.1 481.1 481.1 459.4 458.3 466.5 468.8 492.9 494.3 494.3 485.3 485.3 485.3 475.8 485.3
445.2 456.1 445.2 445.2 445.2 463.4 451.9 467.7 468.2 468.4 459.0 459.0 459.0 459.0 459.0 462.6 463.7 463.7 448.2 447.1 444.5 445.4 445.4 445.4 445.4 454.4 454.4 454.4 454.4 442.7 447.1 447.1 447.1 449.6 450.0 449.6 445.6 445.6 445.6 449.5 445.6 460.0 460.0 446.5 446.5 458.8 460.6 447.0 447.0 460.6 457.4 460.3 460.3 464.6 460.3 464.6 462.6 466.8 466.8 462.6 462.6 489.3 489.3 489.3 489.3 470.4 468.8 482.4 473.7 460.6 463.0 463.0 487.9 447.3 477.3 487.9 487.9
450.3 430.2 430.2 430.2 430.2 428.7 438.4 439.3 435.3 439.3 451.7 451.7 442.4 442.4 442.4 448.2 448.2 448.2 448.2 437.4 445.4 445.4 434.4 445.4 445.4 454.4 454.4 454.4 454.4 446.9 447.1 447.1 449.6 449.6 455.2 447.1 445.6 445.6 -9999 445.6 445.6 458.8 460.0 460.0 460.0 446.5 447.0 460.6 460.6 457.4 457.4 460.3 464.6 460.3 460.3 464.6 466.8 466.8 466.8 462.6 462.6 489.3 489.3 489.3 489.3 468.8 468.8 482.4 482.4 460.6 460.6 482.4 473.7 473.7 473.7 473.7 447.3
450.3 430.2 430.2 430.2 430.2 428.7 428.7 428.6 428.7 428.7 442.4 452.6 448.1 442.4 453.7 448.2 437.4 437.4 -9999 437.4 434.4 434.4 434.4 445.4 434.4 442.7 454.4 454.4 442.7 454.4 447.1 447.1 450.0 447.1 447.1 447.1 445.6 445.6 445.6 449.5 445.6 458.8 446.5 460.0 446.5 446.5 447.0 458.7 457.4 452.8 460.6 460.3 460.3 460.3 460.3 464.6 466.8 466.8 466.8 466.8 466.8 466.8 489.3 489.3 470.4 482.0 489.3 482.4 482.4 473.7 473.7 482.4 487.9 459.9 474.6 477.0 477.0
430.2 430.2 430.2 430.2 430.2 428.7 428.7 428.7 428.7 428.7 -9999 442.4 448.1 448.1 448.1 437.4 437.4 437.4 -9999 -9999 434.4 434.4 445.4 445.4 445.4 442.7 -9999 442.7 442.7 442.7 436.9 447.1 447.1 447.1 447.1 449.6 449.6 445.6 438.8 449.5 438.8 446.5 455.6 446.5 446.5 446.5 458.7 457.4 457.4 457.4 460.6 464.6 466.0 464.6 460.3 460.3 466.8 466.8 466.8 466.8 466.8 455.2 489.3 468.8 470.4 489.3 489.3 482.4 460.6 473.7 482.4 473.7 487.9 463.1 459.9 477.0 477.0
450.3 430.2 430.2 430.2 450.3 428.7 428.7 428.7 428.7 428.7 442.4 442.4 442.4 444.4 442.4 -9999 443.4 -9999 437.4 437.4 434.4 434.4 434.4 -9999 434.4 442.7 442.7 442.7 449.7 451.1 447.1 436.9 447.1 449.6 449.6 449.6 445.6 449.5 438.8 449.6 449.6 455.6 446.5 446.5 455.6 456.8 458.7 457.4 457.4 460.6 460.6 461.6 464.6 464.6 448.0 464.6 462.6 466.8 466.8 466.8 466.8 466.8 491.3 468.8 470.4 468.8 468.8 473.7 473.7 460.6 460.6 473.7 487.9 487.9 463.1 477.0 459.9
450.3 450.3 430.2 430.2 450.3 428.7 428.7 428.7 428.7 428.7 442.4 442.4 442.4 442.4 442.4 -9999 437.4 437.4 437.4 437.4 445.4 445.4 441.3 445.4 445.4 454.4 442.7 -9999 -9999 442.7 447.1 457.2 457.2 441.9 457.2 453.7 442.9 448.2 437.3 437.3 448.2 440.1 440.1 450.6 453.5 453.5 453.2 453.2 453.2 455.0 455.0 455.7 461.2 446.4 454.7 454.7 464.1 464.1 464.1 464.1 464.1 464.1 479.6 458.2 459.7 456.3 469.4 475.0 463.0 463.0 475.0 482.7 483.3 476.9 484.9 461.8 461.8
398.9 398.9 398.9 424.8 424.8 438.7 421.9 421.9 421.9 421.9 428.4 429.1 428.4 428.4 444.1 444.3 431.0 444.3 444.3 431.0 432.1 450.9 450.9 450.9 432.1 432.8 432.8 441.1 441.1 432.0 441.9 447.9 441.9 457.2 457.2 453.7 447.3 447.3 447.3 438.3 437.3 453.5 441.0 441.0 440.8 -9999 453.2 453.2 453.2 455.0 441.4 461.2 446.4 461.2 454.7 454.7 464.1 464.1 464.1 455.1 464.1 464.1 479.6 458.2 459.7 458.2 458.2 476.6 476.6 476.6 475.0 475.0 483.3 476.9 484.9 484.9 484.9
399.0 398.9 424.8 398.9 424.8 421.9 421.9 421.9 421.9 423.7 428.4 428.4 428.4 429.1 428.4 431.0 444.3 431.0 444.3 444.3 450.9 432.1 450.9 450.9 450.9 432.8 432.0 441.1 441.1 441.1 441.9 441.9 451.5 447.9 457.2 457.2 438.3 437.3 437.3 437.3 442.9 453.5 453.5 440.1 440.8 -9999 455.0 453.2 453.2 453.2 441.4 461.2 446.4 454.7 454.7 457.6 464.1 460.1 460.1 460.1 463.3 463.3 456.3 458.2 459.7 458.2 456.3 462.3 476.6 462.3 476.6 482.7 483.3 476.9 483.3 483.3 483.3
399.0 398.9 398.9 398.9 398.9 421.9 421.9 421.9 421.9 421.9 444.1 428.4 444.1 428.4 428.4 431.0 431.0 431.0 431.0 431.0 450.9 450.9 450.9 450.9 438.1 432.8 441.1 441.1 437.8 441.1 441.1 441.9 441.9 457.2 457.2 457.2 447.3 437.3 437.3 442.9 445.7 453.5 453.5 453.5 440.1 440.1 445.3 441.4 453.2 453.2 452.1 446.4 461.2 454.7 454.7 457.6 460.1 464.1 460.1 460.1 463.3 448.5 458.2 458.2 456.3 456.3 456.3 -9999 462.3 476.6 462.3 475.0 478.7 483.3 459.1 459.1 483.3
399.0 398.9 398.9 398.9 398.9 421.9 421.9 421.9 421.9 421.9 444.1 444.1 428.4 428.4 429.1 431.0 431.0 444.3 444.3 431.0 450.9 450.9 450.9 450.9 450.9 432.0 441.1 437.8 441.1 441.1 441.1 441.9 441.9 -9999 457.2 457.2 437.3 442.9 442.9 442.9 445.7 453.5 453.5 450.6 450.6 440.1 441.4 445.3 453.2 455.0 455.0 461.2 461.2 454.7 454.7 457.6 464.1 460.1 449.2 463.3 463.3 449.2 458.2 458.2 471.6 456.3 -9999 462.3 462.3 462.3 476.6 476.6 476.9 476.9 483.3 459.1 459.1
399.0 398.9 424.8 398.9 398.9 421.9 421.9 421.9 421.9 421.9 428.4 428.4 428.4 428.4 428.4 433.9 431.0 431.0 444.3 431.0 432.1 450.9 450.9 450.9 432.1 432.0 432.0 441.1 441.1 437.8 441.1 441.9 457.2 441.9 441.9 441.9 437.3 445.7 445.7 445.7 447.3 449.7 450.6 450.6 453.5 440.7 455.9 455.9 455.9 458.1 458.1 466.3 458.8 458.8 463.5 463.5 469.2 466.8 469.2 464.4 464.4 469.2 457.5 477.9 454.4 459.2 457.5 -9999 459.8 459.8 459.8 459.8 471.5 471.5 444.5 481.3 444.5
453.7 453.7 453.7 433.5 433.5 445.5 445.5 445.5 426.4 445.5 434.7 434.7 454.8 434.7 434.7 425.3 422.2 435.7 435.7 435.7 429.7 450.0 450.0 450.0 450.0 451.3 434.3 451.3 451.3 451.3 451.3 448.0 443.8 437.5 437.5 436.6 454.3 454.2 451.0 451.0 451.0 448.6 446.9 448.6 448.6 446.9 443.2 443.2 443.2 457.0 455.9 466.3 458.8 458.8 463.5 458.8 464.4 450.4 469.2 469.2 469.2 450.4 472.1 454.4 457.5 454.4 454.4 459.2 459.8 459.8 459.8 447.9 471.2 471.2 481.3 471.2 456.6
433.5 433.5 433.5 433.5 433.5 445.5 445.5 445.5 445.5 445.5 434.7 432.6 454.8 454.8 434.7 422.2 422.2 422.2 435.7 435.7 450.0 450.0 450.0 450.0 429.7 434.3 451.3 451.3 451.3 451.3 434.3 437.5 437.5 -9999 437.5 448.9 454.2 451.0 451.0 438.4 451.0 448.6 440.7 448.6 446.9 446.9 443.2 447.6 443.2 455.9 455.9 466.3 458.8 463.5 463.5 463.5 464.4 450.4 450.4 469.2 469.2 461.3 466.8 457.5 466.8 454.4 454.4 472.9 472.9 -9999 478.9 470.2 456.4 471.2 444.5 468.0 468.0
433.5 433.5 433.5 433.5 414.6 445.5 426.4 445.5 445.5 445.5 434.7 434.7 434.7 454.8 454.8 422.2 425.3 422.2 435.7 435.7 450.0 450.0 429.7 450.0 429.7 434.3 451.3 438.9 451.3 451.3 451.3 448.0 437.5 -9999 437.5 437.5 438.4 438.4 451.0 451.0 451.0 448.6 448.6 448.6 448.6 448.6 455.9 447.6 455.9 455.9 457.0 466.3 466.3 463.5 463.5 463.5 450.4 450.4 469.2 469.2 450.4 461.3 466.8 466.8 459.2 472.1 472.1 459.2 472.9 447.9 470.2 470.2 456.4 471.2 456.6 456.6 459.7
