data-raw/LC_corine/example_grid.asc
ncols 134
nrows 167
xllcorner 659356
yllcorner 5535360
cellsize 1000
nodata_value -9999
[rows 102 to 135 of 167, columns 0 to 76 of 134]
433.5 433.5 433.5 433.5 433.5 445.5 456.3 456.3 445.5 445.5 418.3 434.7 434.7 434.7 454.8 422.2 422.2 422.2 422.2 422.2 429.7 429.7 429.7 429.7 450.0 451.3 451.3 438.9 451.3 451.3 451.3 448.0 448.0 -9999 437.5 446.4 451.0 451.0 451.0 451.0 454.2 448.6 448.6 448.6 448.6 448.6 455.9 447.6 455.9 455.9 457.0 466.3 466.3 466.3 466.3 453.9 450.4 465.8 450.8 469.2 461.3 461.3 455.3 455.3 466.8 466.8 472.1 472.9 459.8 459.8 470.2 476.1 471.2 444.5 456.4 456.6 456.4
433.5 433.5 433.5 433.5 445.9 456.3 456.3 456.3 445.5 456.3 434.7 446.4 446.4 434.7 434.7 422.2 422.2 435.7 435.7 425.3 429.7 429.7 429.7 450.0 438.0 451.3 451.3 451.3 438.9 451.3 451.3 448.9 448.0 -9999 -9999 437.5 454.2 438.4 451.0 451.0 451.1 448.6 448.6 448.6 448.6 448.6 455.3 447.6 455.9 455.9 455.9 466.3 458.8 466.3 466.3 466.3 450.8 450.8 476.9 473.3 473.3 473.3 458.9 466.1 468.5 466.1 466.1 443.6 443.6 465.4 463.0 448.2 458.2 441.1 441.1 442.5 442.5
422.8 392.3 392.3 392.3 408.0 427.2 423.1 423.1 412.3 423.1 405.4 419.0 419.0 405.4 405.4 427.0 427.0 425.4 425.4 449.2 410.9 427.1 427.1 427.1 419.0 438.3 438.3 438.3 438.3 438.3 460.2 458.4 455.2 439.0 -9999 439.0 442.4 442.4 442.4 434.6 434.6 452.2 452.2 452.2 450.6 461.8 454.7 454.3 454.3 435.5 454.3 454.1 454.1 462.6 460.4 446.4 451.3 461.5 461.5 461.5 473.3 462.8 466.1 466.1 468.5 474.4 477.3 465.4 443.6 463.0 463.0 448.2 441.1 441.1 441.1 441.1 458.2
392.3 422.8 392.3 392.3 392.3 427.2 427.2 427.2 407.9 412.3 419.0 405.4 419.0 419.0 405.5 425.4 425.4 425.4 449.2 449.2 410.9 416.9 410.9 427.1 427.1 438.3 438.3 438.3 438.3 438.3 438.3 455.2 439.0 439.0 439.0 448.5 450.5 450.5 450.5 434.6 434.6 452.2 452.2 450.6 461.8 461.8 454.7 454.3 454.3 454.3 454.3 460.4 460.4 462.6 451.3 451.3 451.3 484.6 461.9 462.8 461.5 461.5 468.5 466.1 455.7 477.3 477.3 463.0 463.0 463.0 463.0 456.9 441.1 441.1 442.5 441.1 458.2
422.8 391.2 391.2 422.8 391.2 407.9 407.9 407.9 427.2 427.2 405.4 405.4 405.4 405.5 432.9 425.4 425.4 449.2 449.2 449.2 410.9 416.9 410.9 427.1 427.1 438.3 438.3 438.3 438.3 460.2 441.1 439.0 439.0 -9999 448.5 439.0 450.5 450.5 450.5 449.2 449.2 452.2 450.6 450.6 461.8 461.8 454.3 454.3 454.3 454.7 454.7 454.1 460.4 460.4 446.4 462.6 462.6 484.6 484.6 461.5 475.9 461.5 468.5 468.5 468.5 477.3 456.4 465.4 463.0 463.0 437.3 456.9 441.1 441.1 441.1 442.5 458.2
391.2 391.2 391.2 391.2 391.2 407.9 407.9 407.9 427.2 407.9 405.4 419.0 405.4 405.4 432.9 425.4 440.8 449.2 449.2 449.2 427.1 410.9 410.7 420.6 427.1 438.3 438.3 460.2 460.2 438.3 441.1 439.0 439.0 448.5 455.2 455.2 448.2 450.5 450.5 450.5 450.5 450.6 461.8 456.9 442.2 442.2 454.3 454.3 458.5 454.3 456.5 454.1 454.1 446.4 446.4 447.4 457.0 461.5 462.8 461.5 461.5 475.9 456.4 456.4 456.4 456.4 477.3 463.0 457.2 463.0 448.2 448.2 458.2 458.2 459.2 458.2 458.2
391.2 391.2 391.2 391.2 398.9 407.9 416.5 416.5 416.5 412.3 415.7 415.7 405.4 405.4 432.9 449.2 449.2 449.2 425.4 449.2 416.9 410.9 410.7 410.7 427.1 441.1 441.1 460.2 460.2 460.2 438.3 439.0 448.5 455.2 455.2 455.2 448.2 448.2 450.5 450.5 450.5 461.8 450.6 450.6 442.2 450.6 435.5 454.3 435.5 454.3 437.2 454.1 447.4 447.4 446.4 447.4 457.0 461.5 461.5 475.9 475.9 461.5 477.3 456.4 477.3 456.4 455.7 463.0 457.2 463.0 457.2 448.2 439.8 428.7 455.2 455.2 428.7
397.1 397.1 397.1 405.7 405.7 414.1 414.1 414.1 414.1 404.8 396.3 407.8 400.5 400.5 400.5 400.2 431.2 431.2 400.2 400.2 408.4 408.4 408.4 429.2 418.3 454.2 438.6 438.6 459.5 459.5 438.6 437.2 437.2 437.2 455.5 455.5 453.7 457.1 453.7 457.1 453.7 452.5 452.5 452.5 452.5 452.5 436.4 436.4 445.9 447.0 436.4 459.5 447.9 459.5 459.5 459.5 459.5 464.8 457.5 457.5 458.0 486.6 457.7 457.7 457.7 479.2 456.6 456.3 460.3 456.3 460.3 447.4 426.5 455.2 428.7 455.2 440.5
397.1 397.1 397.1 405.7 405.7 414.1 414.1 414.1 414.1 414.1 396.3 396.3 396.3 400.5 396.3 401.6 411.2 400.2 417.7 400.2 408.4 408.4 408.4 408.4 429.2 454.2 459.5 459.5 438.6 438.6 459.5 437.2 437.2 455.5 437.2 455.5 457.1 457.1 457.1 439.4 453.7 436.0 452.3 436.0 452.3 452.3 445.9 445.9 436.4 436.4 447.0 447.9 459.5 447.9 459.5 447.9 447.9 458.0 464.8 458.0 458.0 -9999 456.6 456.6 479.2 479.2 457.7 456.3 442.5 460.3 460.3 442.5 428.7 428.7 455.2 440.5 440.5
397.1 397.1 397.1 405.7 405.7 414.1 414.1 414.1 414.1 414.1 396.3 396.3 396.3 396.3 400.5 411.2 411.2 417.7 417.7 400.2 408.4 408.4 408.4 417.0 429.2 418.3 438.6 438.6 438.6 438.6 438.6 437.2 455.5 437.2 455.5 460.6 453.7 453.7 453.7 453.7 447.1 452.5 452.3 452.3 452.3 452.3 446.9 445.9 447.0 447.0 436.4 447.9 447.9 459.5 448.0 447.9 459.5 476.7 463.4 458.0 458.0 457.5 479.2 457.7 459.6 457.7 469.3 442.5 442.5 460.3 442.5 448.6 426.5 426.5 426.5 428.7 428.7
397.1 397.1 405.7 397.1 405.7 414.1 414.1 414.1 414.1 404.8 396.3 396.3 396.3 415.5 400.5 411.2 411.2 417.7 417.7 417.7 423.8 423.8 429.2 417.0 417.0 408.4 438.6 459.5 459.5 438.6 450.2 -9999 455.5 455.5 460.6 437.2 439.4 439.4 439.4 453.7 453.7 446.3 436.0 452.3 452.3 453.8 445.9 445.9 445.9 447.0 436.4 447.9 447.9 447.9 447.9 459.5 459.5 457.5 457.5 457.5 463.4 457.5 479.2 457.7 479.2 457.7 457.7 442.5 460.3 459.2 459.2 459.2 428.7 428.7 428.7 440.5 428.7
405.7 397.1 397.1 397.1 405.7 414.1 414.1 414.1 414.1 414.1 407.8 396.3 396.3 415.5 396.3 411.2 411.2 417.7 417.7 417.7 423.8 423.8 429.2 429.2 429.2 408.4 438.6 438.6 450.2 450.2 450.2 449.3 437.2 455.5 437.2 439.8 442.1 451.0 451.0 451.0 439.6 456.6 456.6 436.0 453.8 453.8 445.9 445.9 445.9 447.0 447.0 447.9 447.9 459.5 447.9 459.5 448.0 480.6 463.4 457.5 486.6 463.4 469.3 479.2 479.2 457.7 457.7 448.6 459.2 447.4 447.4 447.4 448.7 428.7 428.7 428.7 428.7
405.7 397.1 397.1 405.7 405.7 414.1 414.1 414.1 407.7 414.1 429.2 414.7 414.7 420.2 414.7 428.9 428.9 434.4 434.4 434.4 428.7 428.7 412.4 412.4 422.3 422.3 450.0 465.5 465.5 465.5 465.5 458.6 436.7 436.7 436.7 458.6 461.4 461.4 457.2 461.4 461.4 448.8 462.3 462.3 459.4 459.4 454.3 456.0 456.0 456.0 444.7 453.8 445.0 453.8 445.0 445.0 -9999 -9999 441.1 441.1 453.4 441.1 440.3 462.2 452.9 441.1 441.1 445.0 442.1 442.1 444.3 454.8 447.7 437.1 438.1 438.7 438.7
437.8 419.2 437.8 437.8 437.8 453.2 453.2 428.3 453.2 425.0 414.7 414.7 436.7 420.2 414.7 428.9 428.9 434.4 434.4 434.4 428.7 405.2 412.4 422.3 412.4 422.3 450.0 450.0 465.5 450.4 450.4 435.8 434.2 434.2 433.4 433.4 461.4 455.7 457.2 457.2 461.4 448.8 462.3 444.1 459.4 457.5 456.0 444.4 444.4 456.0 456.0 445.0 445.0 445.0 452.6 445.0 445.0 453.4 441.1 453.4 444.9 447.1 449.5 443.4 462.2 445.7 440.3 442.1 442.1 442.1 451.4 454.8 433.6 433.6 438.1 437.1 437.1
437.8 419.2 437.8 437.8 437.8 453.2 425.0 428.3 453.2 425.0 414.7 420.2 436.7 420.2 414.7 420.4 420.3 420.4 416.1 416.1 405.2 405.2 412.4 412.4 412.4 409.1 458.8 449.3 465.5 465.5 465.5 434.2 434.2 454.2 433.4 433.4 461.4 457.2 455.7 461.4 457.2 462.3 448.8 444.1 459.4 459.4 456.0 454.3 455.8 454.3 458.5 456.0 445.0 453.8 453.8 445.0 445.0 441.1 451.4 454.4 444.9 441.1 449.5 443.4 452.2 445.7 443.4 451.4 445.0 451.4 442.1 451.4 437.1 438.1 437.1 438.1 438.1
437.8 437.8 437.8 437.8 437.8 453.2 425.0 444.6 453.2 425.0 414.7 420.2 420.2 414.7 411.7 416.1 420.3 434.4 420.3 416.1 413.6 405.2 405.2 412.4 412.4 409.1 449.3 449.3 431.8 465.5 -9999 434.2 434.3 434.3 433.4 454.2 456.2 457.2 457.2 461.4 461.4 459.4 459.4 459.4 459.4 459.4 456.0 455.8 444.7 444.7 458.5 455.8 453.8 453.8 445.0 452.6 452.6 453.4 451.4 441.1 441.1 453.4 440.3 443.4 452.2 452.2 445.7 451.4 444.3 444.3 442.1 451.4 438.1 437.1 437.1 437.1 437.1
437.8 437.8 437.8 437.8 437.8 453.2 428.3 453.2 453.2 453.2 414.7 420.2 420.2 411.7 411.7 420.3 420.4 420.4 420.3 420.4 405.2 405.2 405.2 412.4 409.1 409.1 450.0 465.5 449.3 450.0 450.0 434.3 433.4 433.4 454.7 454.2 456.2 456.2 455.7 433.5 457.2 457.5 459.4 -9999 459.4 446.6 444.7 455.8 458.5 448.4 444.7 444.4 445.0 445.0 450.8 453.8 445.0 454.4 453.4 453.4 453.4 451.4 452.2 449.5 452.2 452.2 452.2 451.4 442.1 451.4 445.0 441.6 437.1 449.3 438.1 437.1 437.1
437.8 437.8 425.1 437.8 425.1 453.2 453.2 453.2 453.2 425.0 414.7 436.7 414.7 420.2 416.9 420.3 416.1 420.4 428.9 428.9 405.2 405.2 405.2 413.6 419.9 419.6 425.2 425.9 425.9 425.9 425.9 455.0 434.8 454.2 455.0 455.0 445.0 445.0 445.6 445.0 445.6 456.6 456.6 454.3 448.1 448.1 450.3 463.2 452.1 450.9 450.3 450.3 451.3 438.6 447.8 438.6 449.8 444.5 433.7 443.7 444.5 443.7 431.1 437.2 434.7 437.2 437.2 444.9 444.9 434.2 438.7 438.7 448.7 448.7 434.6 439.3 430.6
473.6 431.9 439.2 473.6 473.6 432.9 431.3 431.3 428.4 428.4 427.9 430.0 423.5 426.8 436.0 428.9 429.6 446.2 428.9 430.8 416.4 420.2 420.2 419.9 419.9 419.9 438.3 438.3 425.2 438.3 421.9 431.4 455.0 455.0 455.0 431.4 432.1 445.0 445.5 435.4 441.2 456.6 454.3 448.1 448.1 448.1 452.1 452.1 463.2 450.3 459.7 459.7 438.9 438.6 438.6 449.8 449.8 443.7 433.7 443.7 450.2 443.7 431.1 431.1 437.2 433.4 433.4 444.9 444.9 434.2 438.7 438.7 433.5 448.7 430.6 430.6 441.0
473.6 473.6 462.5 439.2 439.2 431.3 431.3 431.3 428.4 432.0 430.0 439.5 430.0 426.8 426.8 428.9 428.9 446.2 428.9 446.2 416.4 416.4 420.2 419.6 419.6 419.9 425.9 425.2 438.3 439.5 439.5 455.0 455.0 455.0 431.4 431.4 445.5 448.9 435.4 435.4 449.0 448.1 448.1 448.1 448.4 458.7 463.2 452.1 450.3 450.3 450.3 450.3 451.3 442.6 449.8 442.6 449.8 435.7 435.7 441.3 444.5 433.7 429.4 433.4 433.4 433.4 431.1 438.7 434.2 434.2 438.7 434.2 433.5 441.0 434.6 430.6 430.6
462.5 473.6 462.5 462.5 439.2 424.1 424.1 431.3 428.4 432.0 423.5 423.5 430.0 426.8 426.8 446.2 429.6 446.2 428.9 446.2 446.2 416.4 416.4 416.4 419.6 416.4 421.1 439.5 439.5 439.5 439.5 455.0 455.0 434.8 455.0 448.6 448.9 448.9 444.0 448.9 432.1 454.0 458.7 458.7 455.8 458.7 446.6 452.1 452.1 446.6 446.6 458.2 449.8 442.6 442.6 442.6 449.8 435.7 435.7 438.6 438.6 433.7 434.7 434.7 -9999 -9999 -9999 438.7 434.2 438.7 438.7 444.9 433.5 439.0 439.0 434.6 439.0
462.5 462.5 462.5 439.2 437.9 424.1 424.1 431.3 428.4 432.0 423.5 430.0 430.0 426.8 430.0 446.2 429.6 446.2 430.8 446.2 446.2 420.2 416.4 419.9 416.4 416.4 439.5 439.5 439.5 425.1 439.5 431.4 450.6 448.3 431.4 459.9 435.4 435.2 448.9 432.1 444.0 454.0 451.3 443.0 443.0 443.0 446.6 446.6 452.1 463.2 463.2 458.2 449.8 438.9 438.9 438.9 449.8 435.7 435.7 443.7 445.8 438.1 432.1 -9999 -9999 -9999 -9999 -9999 438.7 434.2 444.9 444.9 434.6 430.6 434.6 434.6 434.6
462.5 462.5 462.5 439.2 431.9 428.4 431.3 431.8 432.9 428.4 423.5 427.9 426.8 426.8 430.0 446.2 428.9 430.8 446.2 446.2 446.2 416.4 416.4 420.2 420.2 430.3 421.9 421.9 425.1 421.9 421.9 448.3 448.3 455.0 431.4 459.9 445.4 448.1 433.0 444.1 448.1 458.0 435.3 443.1 443.1 443.1 445.8 445.8 445.8 450.7 461.8 457.4 440.0 440.0 440.0 440.0 441.8 433.3 433.3 440.1 440.1 435.3 431.9 -9999 -9999 -9999 -9999 -9999 428.6 428.6 428.6 428.6 428.4 428.0 433.1 428.0 433.1
455.2 455.2 455.2 444.0 436.3 437.0 437.0 437.0 439.0 459.3 435.1 435.1 435.1 433.5 435.1 441.6 443.2 447.6 439.9 439.9 439.9 429.0 436.4 436.4 445.1 429.0 418.9 418.9 418.9 418.9 418.9 428.6 428.6 428.6 443.8 443.8 436.7 433.0 448.1 448.1 434.1 435.3 435.3 435.3 443.1 443.1 446.8 446.8 453.3 450.7 449.3 450.7 440.0 440.0 440.0 440.0 441.8 433.3 431.1 431.1 435.3 435.3 435.3 -9999 -9999 -9999 -9999 -9999 -9999 431.2 431.2 428.0 433.1 428.0 428.0 433.1 428.0
462.8 455.2 455.2 455.8 436.3 437.0 437.0 437.0 439.0 439.0 433.5 433.5 435.1 433.5 435.1 439.9 447.6 447.6 439.9 457.2 447.6 429.0 429.0 445.1 436.4 436.4 414.5 418.9 418.9 428.0 418.9 428.6 428.6 428.6 428.6 439.2 433.0 448.1 448.1 434.1 434.1 443.1 443.1 443.1 435.3 443.1 446.8 446.8 446.8 446.8 446.8 461.8 446.0 440.0 446.0 451.0 441.8 433.3 440.1 435.3 435.3 435.3 435.3 430.8 -9999 -9999 -9999 -9999 -9999 428.6 428.6 428.0 441.4 441.4 428.4 428.0 433.1
455.2 455.2 455.2 455.8 436.3 457.9 437.0 437.0 438.6 439.0 433.5 433.5 435.1 435.1 435.1 443.2 439.9 447.6 439.9 447.6 447.6 429.0 429.0 436.4 436.0 427.4 418.9 418.9 418.9 418.9 422.7 428.6 428.6 428.6 443.8 433.3 434.1 431.6 434.1 434.1 431.6 443.1 443.1 435.3 443.1 435.3 446.8 446.8 446.8 446.8 446.8 448.2 442.8 451.0 451.0 441.8 441.8 443.4 435.3 430.8 435.3 430.8 435.3 435.3 -9999 -9999 -9999 -9999 -9999 431.2 431.2 431.2 428.0 441.4 441.4 431.8 433.1
462.8 432.2 455.2 455.8 444.0 457.9 457.9 438.6 438.6 459.3 433.5 435.1 433.5 435.1 435.1 447.6 447.6 447.6 439.9 447.6 447.6 436.4 436.4 451.3 427.4 427.4 418.9 418.9 422.7 422.7 418.9 428.6 428.6 443.8 443.8 433.3 434.1 434.1 431.6 434.1 434.1 443.1 443.1 443.1 443.1 443.1 453.3 -9999 446.8 450.7 446.8 446.8 447.9 447.9 441.8 447.9 447.9 435.3 430.8 435.3 435.3 435.3 -9999 -9999 -9999 -9999 -9999 -9999 -9999 -9999 -9999 -9999 -9999 433.1 433.1 433.1 433.1
432.2 432.2 432.2 432.2 444.0 430.2 427.4 430.2 484.0 502.7 480.9 435.1 435.9 431.1 431.1 447.6 447.6 439.9 439.9 447.6 439.9 436.4 427.4 436.4 427.4 451.3 418.9 414.5 422.7 418.9 418.9 443.8 443.8 443.8 428.7 428.7 436.4 434.1 434.1 434.1 434.1 443.1 443.1 443.1 443.1 443.1 446.8 446.8 446.8 446.8 442.7 448.5 441.6 448.4 447.4 447.4 452.6 433.4 433.4 433.4 433.4 433.4 -9999 -9999 -9999 -9999 -9999 -9999 -9999 -9999 -9999 -9999 430.8 424.3 418.9 418.9 430.8
430.0 430.0 430.0 430.0 430.0 445.5 430.7 430.7 445.5 442.8 442.8 445.6 466.3 466.3 462.6 430.7 438.5 433.7 433.7 438.5 438.5 430.9 436.0 436.0 429.8 436.0 423.1 419.3 419.3 419.3 432.2 440.4 422.0 430.4 422.0 422.0 428.7 428.7 428.7 428.7 428.7 442.7 442.7 450.3 442.7 432.3 442.7 442.7 442.7 442.7 442.7 442.7 448.4 442.0 452.6 441.6 441.6 433.4 433.4 433.4 433.4 -9999 -9999 -9999 -9999 -9999 -9999 -9999 -9999 -9999 -9999 -9999 431.5 431.5 430.8 430.8 430.8
430.0 430.0 430.0 430.0 443.1 445.5 430.7 430.7 471.8 495.1 491.2 440.6 506.0 466.3 466.3 438.5 430.7 438.5 430.7 443.7 438.5 436.0 429.8 429.8 434.4 446.0 419.3 423.1 415.1 432.2 432.2 422.0 430.4 422.0 422.0 425.2 428.7 428.7 428.7 428.7 428.7 442.7 442.7 442.7 442.7 442.7 442.7 451.6 442.7 442.7 442.7 455.5 441.6 452.6 441.6 441.6 441.6 433.4 433.4 433.4 433.4 433.4 -9999 -9999 -9999 -9999 -9999 -9999 -9999 -9999 -9999 -9999 -9999 431.5 430.8 430.8 431.5
435.9 458.3 430.0 443.1 443.1 430.7 430.7 445.5 471.8 471.8 491.2 463.7 463.7 473.8 473.8 438.5 443.7 438.5 443.7 428.7 438.5 436.0 436.0 429.8 434.4 446.0 423.1 415.1 432.2 432.2 414.5 430.4 422.0 422.0 422.0 422.0 434.4 428.7 428.7 428.7 428.7 442.7 442.7 432.3 442.7 442.7 432.3 442.7 442.7 442.7 447.3 448.5 440.2 441.6 441.6 441.6 441.6 433.4 433.4 433.4 433.4 433.4 433.4 433.4 425.0 -9999 -9999 -9999 -9999 -9999 -9999 -9999 -9999 -9999 -9999 431.5 431.5
435.9 430.6 430.0 430.0 455.7 444.0 445.5 438.5 495.1 495.1 445.6 491.2 463.7 466.3 473.8 438.5 438.5 428.7 428.7 428.7 428.7 429.8 436.0 429.8 446.0 434.4 415.1 416.3 432.2 414.5 414.5 422.0 422.0 422.0 422.0 422.0 434.4 428.7 428.7 428.8 428.7 442.7 442.7 442.7 442.7 442.7 442.7 442.7 442.7 447.3 443.7 448.5 441.6 441.6 441.6 441.6 437.9 433.4 433.4 433.4 433.4 433.4 433.4 420.6 425.0 425.0 -9999 -9999 -9999 -9999 -9999 -9999 -9999 -9999 -9999 431.5 427.6
430.6 455.7 455.7 430.0 443.1 456.9 445.5 -9999 445.5 442.8 491.2 491.2 491.2 463.7 466.3 438.5 447.7 437.9 428.7 428.7 428.7 429.8 429.8 429.8 429.8 434.4 415.1 432.2 414.5 414.5 414.5 422.0 425.2 422.0 422.0 422.0 437.4 428.8 428.7 428.7 437.4 442.7 442.7 442.7 442.7 442.7 432.3 442.7 447.3 448.5 443.7 448.5 441.6 441.6 441.6 437.9 441.6 433.4 433.4 433.4 433.4 433.4 425.0 425.0 420.6 425.0 420.6 -9999 -9999 -9999 -9999 -9999 -9999 -9999 -9999 431.5 427.6
459.9 459.9 440.2 459.9 440.2 431.6 430.7 430.7 441.3 430.7 498.2 479.0 479.0 498.2 456.3 435.7 435.0 442.8 438.7 435.0 435.0 436.8 436.8 436.8 436.8 438.1 449.7 430.3 430.3 430.3 430.3 427.2 427.2 427.2 427.2 434.7 435.2 434.2 435.2 434.2 435.2 455.1 446.2 442.7 446.2 442.7 435.5 452.4 435.6 451.4 457.2 435.4 423.6 423.6 438.7 420.6 423.6 421.5 421.5 421.5 421.5 412.9 424.3 420.6 425.0 425.0 425.0 420.6 -9999 -9999 -9999 -9999 -9999 -9999 424.3 431.5 424.3
