data-raw/LC_corine/example_grid.asc
ncols 134
nrows 167
xllcorner 659356
yllcorner 5535360
cellsize 1000
nodata_value -9999
[rows 0 to 33 of 167, columns 0 to 76 of 134]
462.1 466.5 466.5 465.0 461.7 464.2 464.2 464.3 463.6 465.4 463.6 465.4 465.4 465.2 472.1 468.6 469.2 469.2 469.2 474.8 474.8 476.3 476.3 476.3 477.2 475.8 474.7 472.8 475.3 465.0 465.0 465.0 480.1 480.1 476.7 476.7 476.7 476.7 476.7 476.7 480.8 482.5 481.8 475.5 475.5 478.5 478.5 478.5 478.5 483.2 486.9 485.8 485.8 -9999 -9999 485.0 485.0 488.7 488.7 488.7 494.9 494.9 494.9 494.9 494.9 499.7 485.8 485.8 485.8 494.8 494.8 492.2 481.4 481.4 481.4 481.4 491.5
474.2 470.7 468.1 468.0 -9999 467.3 467.3 467.3 467.3 467.5 467.3 467.3 467.3 465.3 469.2 469.2 469.2 469.2 471.6 476.3 476.3 476.3 474.8 474.8 474.7 474.7 474.7 474.7 475.8 480.1 480.1 475.9 475.9 480.1 476.7 476.7 476.7 476.7 476.7 476.7 482.4 482.5 482.5 471.9 479.0 478.5 478.5 478.5 481.9 478.5 481.2 -9999 468.8 473.3 478.3 485.0 488.7 488.7 488.7 488.7 479.9 479.9 479.9 494.9 494.9 499.7 499.7 485.8 485.8 494.8 494.8 481.4 481.4 481.4 481.4 481.4 485.0
470.7 474.2 468.1 460.5 460.5 469.4 467.3 467.3 468.0 465.3 465.3 468.8 465.3 465.3 468.8 469.2 468.8 468.8 471.1 474.8 474.8 474.8 474.8 474.8 474.7 472.8 474.7 475.8 475.8 480.1 480.1 480.1 480.1 480.1 476.7 476.7 476.7 476.7 476.7 476.7 482.4 482.4 482.4 480.8 -9999 482.5 419.4 419.4 481.9 478.5 481.2 481.2 468.8 473.3 468.8 484.0 485.0 485.0 488.7 488.7 494.9 494.9 494.9 494.9 494.9 499.7 499.7 489.2 489.2 484.1 484.1 481.4 481.4 481.4 481.4 481.4 485.0
474.8 470.7 468.1 460.5 460.5 462.0 468.0 468.0 467.3 465.3 465.3 468.8 465.3 465.3 463.0 468.8 468.8 471.1 471.6 474.8 474.8 474.8 474.8 474.8 474.7 472.8 475.8 475.8 475.8 480.1 480.1 480.1 480.1 480.1 476.7 476.7 476.7 476.7 476.7 476.7 482.4 482.4 482.4 480.8 -9999 419.4 419.4 419.4 478.5 478.5 481.2 481.2 481.2 481.2 481.2 487.0 487.0 487.0 487.0 488.7 494.9 494.9 492.3 492.3 492.3 498.5 498.5 485.8 485.8 484.1 484.1 481.4 481.4 481.4 481.4 481.4 485.0
-9999 474.2 468.1 460.5 460.5 468.0 460.5 467.3 459.1 463.7 456.3 465.3 465.3 456.3 469.7 470.5 468.8 468.3 471.6 473.1 474.8 474.8 474.8 474.8 474.7 472.8 477.2 475.8 475.8 480.1 480.1 480.1 480.1 480.1 476.7 473.6 476.7 476.7 473.6 473.6 482.4 482.4 482.4 480.8 -9999 -9999 -9999 484.0 484.0 478.5 481.2 481.2 481.2 473.3 473.3 -9999 -9999 492.2 487.0 487.0 492.3 492.3 492.3 492.3 492.3 492.3 498.5 498.5 498.5 498.5 498.5 481.4 481.4 481.4 455.1 455.1 485.0
474.8 478.5 468.1 460.5 456.1 462.0 468.0 467.3 467.3 456.3 463.7 456.3 456.3 463.7 469.7 463.0 470.5 470.5 468.3 473.1 474.8 474.8 473.7 473.7 472.8 476.5 471.6 471.6 477.2 480.2 480.2 477.9 478.9 478.9 481.3 481.3 481.3 481.3 481.3 481.3 480.2 480.2 477.9 480.2 -9999 487.4 487.4 487.4 487.4 481.6 484.0 484.0 484.0 -9999 -9999 482.4 -9999 495.6 490.7 490.7 495.9 495.9 490.7 490.7 490.7 490.7 491.4 495.4 495.4 495.4 495.4 500.6 500.6 486.3 455.6 455.6 460.7
477.3 479.3 469.4 463.3 463.3 464.3 473.2 470.5 461.5 452.7 459.4 452.7 459.4 459.4 464.2 464.2 472.6 464.2 472.6 470.6 470.8 472.4 472.4 472.4 476.4 476.4 473.2 475.4 476.9 480.2 477.6 477.9 475.3 478.9 481.3 481.3 481.3 481.3 481.3 481.3 480.2 477.9 480.2 480.2 479.1 486.1 487.4 487.4 487.4 436.1 484.0 484.0 484.0 484.0 484.0 490.7 490.7 490.7 490.7 490.7 495.9 490.7 -9999 -9999 -9999 -9999 491.4 481.5 481.5 481.5 481.5 495.3 500.6 500.6 455.6 455.6 460.7
476.2 477.3 469.4 463.3 459.3 471.4 473.2 442.0 461.5 452.7 452.7 452.7 452.7 452.7 464.2 472.6 464.2 476.0 476.0 474.5 472.4 472.4 472.4 472.4 475.4 475.4 475.4 475.4 475.4 477.6 477.6 478.9 478.9 478.9 471.2 471.2 481.3 481.3 481.3 481.3 480.2 477.9 480.2 480.2 480.2 486.1 486.1 486.1 436.1 436.1 484.0 484.0 484.0 484.0 488.9 488.4 489.3 489.3 490.7 489.3 490.7 493.3 493.3 -9999 486.0 486.0 499.9 481.5 481.5 481.5 481.5 455.6 495.3 -9999 455.6 455.6 488.3
477.3 477.3 469.4 463.3 459.3 471.4 473.2 442.0 461.5 452.7 459.4 452.7 452.7 452.7 464.2 471.3 471.3 471.3 476.0 474.5 470.6 472.4 472.4 472.4 475.4 475.4 475.4 475.4 475.4 477.6 477.6 477.6 478.9 469.0 471.2 481.3 481.3 481.3 478.1 481.3 480.2 480.2 480.2 480.2 480.2 487.3 487.3 486.1 436.1 478.3 484.0 484.0 484.0 484.0 488.9 -9999 -9999 489.3 489.3 489.3 493.3 492.4 497.0 497.0 486.0 486.0 487.5 499.9 481.5 481.5 481.5 486.3 455.6 500.6 455.6 455.6 460.7
469.4 469.4 469.4 463.3 459.3 471.4 470.5 442.0 461.5 459.4 459.4 459.4 452.7 452.7 464.2 471.3 471.3 476.0 476.0 474.5 470.6 472.4 472.4 472.4 475.4 475.4 475.4 475.4 475.4 477.6 477.6 477.6 478.9 478.9 481.3 481.3 481.3 461.3 481.3 481.3 480.2 480.2 480.2 480.2 480.2 487.3 487.3 486.1 478.3 478.3 484.0 484.0 484.0 484.0 488.9 -9999 -9999 489.3 489.3 488.4 493.3 492.4 492.4 497.0 486.0 486.0 481.5 499.9 481.5 -9999 -9999 455.6 455.6 455.6 500.6 455.6 460.7
479.3 479.3 479.3 464.3 463.3 463.3 473.2 473.2 442.0 459.4 460.6 460.6 460.6 452.7 464.2 464.2 471.3 476.0 476.0 474.5 470.6 470.6 472.4 472.4 475.4 475.4 475.4 475.4 475.4 477.6 475.3 477.6 477.6 478.9 478.9 481.3 480.0 -9999 461.3 461.3 480.2 480.2 486.5 483.7 486.5 486.2 486.2 484.9 486.2 416.6 442.8 489.2 489.2 489.2 489.2 -9999 488.7 -9999 489.8 488.7 491.9 486.2 486.2 486.2 486.2 486.2 482.3 500.4 482.3 482.3 449.9 456.5 456.5 456.5 498.1 456.5 457.9
476.1 476.1 468.8 481.7 481.7 481.4 481.4 481.4 449.2 443.1 462.7 471.0 471.0 471.0 463.4 471.8 471.8 472.1 472.1 477.0 477.0 477.0 479.3 478.2 474.5 474.5 475.5 475.5 475.5 478.1 478.1 478.1 478.1 478.1 475.7 484.1 -9999 -9999 -9999 -9999 -9999 472.0 483.7 483.7 486.5 486.2 484.9 486.2 -9999 486.2 442.8 442.8 489.2 489.2 489.2 -9999 -9999 -9999 491.6 491.6 491.8 486.2 486.2 486.2 486.2 486.2 -9999 500.4 491.1 482.3 482.3 456.5 498.1 498.1 498.1 456.5 457.9
474.3 476.1 466.4 471.8 481.7 481.4 481.4 481.4 481.4 473.5 443.1 462.7 471.0 462.7 463.4 471.8 471.8 472.1 474.3 481.0 481.0 477.0 479.3 476.8 473.1 473.1 473.1 474.5 473.1 478.1 478.1 474.3 474.3 478.1 478.1 482.8 -9999 -9999 -9999 -9999 -9999 -9999 -9999 483.7 486.5 484.9 486.2 486.2 486.2 -9999 442.8 488.1 489.2 489.2 489.2 489.8 489.8 489.8 493.1 491.6 486.2 486.2 486.2 481.0 481.0 480.0 -9999 -9999 491.1 482.3 482.3 483.8 483.8 498.1 498.1 456.5 457.9
474.3 474.3 473.6 474.4 467.7 467.7 481.4 478.4 478.4 473.5 473.5 443.1 443.1 462.7 471.8 471.8 471.8 471.8 471.8 481.0 481.0 481.0 477.0 477.0 473.5 474.5 474.5 473.1 474.5 474.3 478.1 474.3 478.1 478.1 478.1 482.8 -9999 -9999 -9999 -9999 -9999 -9999 -9999 -9999 483.7 -9999 -9999 483.2 486.2 -9999 496.5 488.1 489.2 489.2 489.1 489.8 489.8 489.8 489.8 488.7 496.8 481.0 496.8 481.0 481.0 480.0 -9999 482.3 491.1 491.1 482.3 483.8 498.1 498.1 498.1 498.1 500.3
474.3 474.3 474.3 475.1 467.7 467.7 467.7 471.8 478.4 471.3 473.5 473.5 443.1 462.7 463.4 471.8 471.8 472.1 474.3 481.0 481.0 477.0 477.0 481.0 473.5 473.5 474.5 474.5 474.5 476.8 476.8 478.1 478.1 478.1 474.3 479.8 484.1 484.1 484.1 484.1 -9999 -9999 -9999 483.7 -9999 -9999 483.2 486.2 486.2 486.2 496.5 489.2 489.2 489.2 489.1 489.8 488.7 488.7 477.5 477.5 481.0 481.0 481.0 496.8 481.0 481.0 482.3 482.3 491.1 491.1 482.3 483.8 498.1 -9999 -9999 498.1 500.3
462.2 474.3 474.3 472.0 479.0 474.4 467.7 467.7 471.8 471.3 473.5 473.5 -9999 443.1 463.4 463.4 463.4 471.8 472.1 473.6 473.6 473.6 479.3 479.3 476.8 473.5 477.8 474.5 474.5 476.8 475.1 475.1 475.1 474.3 479.0 484.1 484.1 484.1 484.1 484.1 486.5 486.5 486.5 486.5 -9999 466.0 486.2 486.2 486.2 486.2 496.5 496.5 489.2 489.2 483.5 489.2 495.1 478.0 478.0 478.0 481.1 481.1 481.1 498.5 481.1 481.1 483.9 483.6 492.9 492.9 483.6 489.4 504.0 -9999 492.7 492.7 503.5
454.2 454.2 454.2 462.5 464.0 467.4 467.4 465.3 453.5 464.4 464.4 478.8 478.8 478.8 448.4 471.1 471.1 471.1 477.3 477.4 477.7 477.7 475.6 475.6 482.5 487.9 484.5 484.5 485.8 473.8 473.8 473.1 471.9 475.9 475.9 478.1 478.1 478.1 478.1 478.1 484.2 482.9 482.9 484.2 471.1 -9999 488.1 488.1 488.1 488.1 491.8 491.8 491.8 485.8 492.5 489.2 478.0 478.0 478.0 478.0 481.1 481.1 481.1 481.1 498.5 481.1 483.9 483.6 492.9 483.6 483.6 504.0 -9999 -9999 492.7 492.7 503.5
454.2 454.2 454.2 462.5 456.7 467.4 467.4 467.4 453.5 464.4 464.4 464.4 475.0 475.0 480.6 448.4 480.6 480.6 471.1 472.0 477.7 478.9 480.5 477.4 487.9 482.5 484.5 484.5 484.5 473.1 473.1 473.1 471.9 475.9 475.9 478.1 478.1 476.9 476.9 478.1 484.2 484.2 484.2 484.2 484.2 -9999 -9999 488.1 488.1 488.1 491.8 491.8 491.8 485.8 492.5 478.0 478.0 478.0 478.0 478.0 478.0 481.1 481.1 491.5 498.5 481.1 483.9 492.9 483.6 483.6 483.6 504.0 504.0 -9999 496.3 496.3 494.5
465.1 454.2 454.2 454.2 456.7 456.7 456.7 467.4 467.4 475.5 464.4 464.4 464.4 464.4 471.4 480.6 471.1 471.4 471.4 477.4 478.9 478.9 477.4 480.5 485.3 491.4 484.5 484.5 484.0 473.1 473.1 473.1 473.1 475.9 473.1 478.1 473.3 473.3 472.8 476.9 483.0 482.9 484.2 484.2 484.2 474.7 488.1 488.1 488.1 488.1 491.8 491.8 485.8 492.5 492.5 478.0 478.0 478.0 498.6 498.6 478.0 481.1 481.1 481.1 481.1 488.7 492.9 483.6 483.6 483.6 -9999 -9999 -9999 496.3 496.3 496.3 494.5
462.5 462.5 454.2 454.2 456.7 456.7 456.7 456.7 456.7 478.8 475.5 464.4 478.8 478.8 477.7 471.1 471.1 471.1 477.3 477.4 478.9 478.9 480.5 477.7 484.5 491.4 484.5 484.5 484.0 473.1 473.1 473.1 473.1 473.1 471.9 473.3 473.3 476.9 472.8 476.9 483.0 484.2 483.1 465.9 484.2 488.1 488.1 488.1 488.1 488.1 491.8 491.8 485.8 492.5 491.8 478.0 497.4 497.4 498.6 498.6 498.6 481.1 481.1 481.1 488.7 481.1 483.6 483.6 483.6 483.6 -9999 -9999 496.3 -9999 496.3 496.3 494.5
462.5 462.5 454.2 454.2 456.7 456.7 456.7 456.7 456.7 475.0 478.8 478.8 475.5 478.8 477.7 471.1 471.1 471.1 477.7 478.9 477.7 477.4 478.9 477.7 482.5 484.5 482.5 482.5 484.0 473.1 473.1 473.1 473.1 473.1 473.1 475.1 475.1 473.3 476.9 476.9 483.0 483.0 484.2 -9999 471.1 488.1 488.1 488.1 488.1 488.1 491.8 485.8 483.5 492.5 491.8 497.4 497.4 497.4 498.6 498.6 498.6 501.5 488.7 501.5 481.1 481.1 483.6 485.0 485.0 485.0 -9999 -9999 498.5 487.7 494.7 494.7 493.7
468.9 468.9 461.0 461.0 461.4 454.5 454.5 454.5 454.5 473.3 473.3 473.3 476.8 476.8 478.8 478.8 478.4 478.1 478.1 481.2 481.2 482.4 474.7 474.7 485.9 488.8 488.8 482.0 485.1 483.8 483.8 483.8 483.8 483.8 483.8 487.0 487.0 486.9 488.4 488.4 486.1 486.1 486.1 486.1 486.1 493.4 494.6 494.6 494.6 494.6 492.3 486.1 489.9 483.3 483.3 496.7 496.7 496.7 497.2 493.5 493.5 492.9 492.9 495.7 495.7 475.6 486.1 485.0 504.2 504.2 498.3 498.5 498.5 487.7 -9999 494.7 -9999
470.0 442.5 461.0 468.9 461.4 454.5 454.5 454.5 454.5 466.0 473.3 473.3 466.0 473.3 478.1 478.1 478.1 478.1 478.1 482.4 482.4 481.2 482.4 474.7 478.1 488.8 488.8 482.0 485.1 485.1 483.8 483.8 483.8 483.8 483.9 487.2 487.2 486.9 488.4 488.4 486.1 486.1 482.7 482.7 486.1 490.7 493.4 494.6 485.2 487.9 492.6 492.6 492.6 492.6 483.3 493.7 496.7 -9999 496.7 496.7 493.5 492.9 495.7 495.1 474.9 474.9 485.0 485.0 485.0 485.0 498.3 501.4 498.5 487.7 487.7 494.7 493.7
468.9 468.9 442.5 442.5 461.4 461.4 454.5 461.4 461.4 466.0 466.0 473.9 473.9 473.9 478.1 478.1 478.1 478.1 477.4 481.2 482.4 474.7 482.7 474.7 485.2 485.2 488.8 482.0 482.0 482.0 483.9 483.9 483.9 483.9 483.9 486.9 486.9 486.9 488.4 489.0 485.5 486.1 485.5 482.7 482.7 490.7 487.9 485.2 485.2 494.1 492.6 483.3 492.6 492.3 489.7 493.5 496.7 496.7 496.7 496.7 496.7 495.1 495.1 495.1 495.1 474.9 505.1 485.0 485.0 485.0 498.3 501.4 487.7 487.7 494.7 494.7 -9999
471.1 471.1 470.0 469.2 437.8 461.4 461.4 461.4 461.4 473.9 473.9 473.9 473.9 473.9 478.1 478.1 477.4 477.4 477.4 481.2 482.4 482.4 474.7 474.7 478.1 488.8 488.8 485.1 485.1 485.1 480.5 483.9 480.5 480.5 483.9 487.2 487.2 487.2 489.9 489.9 487.7 485.5 485.5 487.7 485.5 487.9 487.9 490.7 487.9 493.3 489.7 489.7 489.7 492.3 492.3 496.7 493.7 493.7 496.7 496.7 482.7 495.1 495.1 495.1 495.1 495.1 505.1 505.1 505.1 498.3 498.3 501.4 487.7 487.7 489.0 494.7 -9999
471.1 489.2 489.2 468.9 460.4 437.8 437.8 437.8 461.4 473.9 473.9 473.9 473.9 473.9 478.1 477.4 477.4 478.1 477.4 482.7 482.7 474.7 482.6 482.6 485.2 485.1 485.2 484.2 485.2 485.2 483.1 483.9 483.9 483.9 480.5 489.9 489.9 488.4 488.4 489.9 485.5 487.7 487.7 487.7 481.3 490.7 490.7 490.7 494.6 490.7 489.7 492.3 492.3 492.3 492.3 496.7 496.7 496.7 493.7 496.7 -9999 -9999 495.1 493.1 493.1 493.1 504.9 504.9 505.1 498.3 498.3 495.8 495.8 -9999 -9999 495.8 486.9
466.1 466.1 471.1 468.9 463.1 461.4 460.4 437.8 452.7 478.8 478.8 478.8 478.8 478.8 481.2 481.2 481.2 481.2 480.0 458.4 486.5 486.0 486.1 486.1 484.7 485.1 484.7 484.7 485.1 485.1 486.3 487.0 487.9 487.9 487.0 494.2 496.6 496.4 496.4 496.4 495.5 493.4 493.4 493.4 493.4 487.5 487.5 489.3 487.5 489.3 496.0 496.0 496.0 496.0 494.2 499.4 496.7 497.9 497.9 499.4 499.4 -9999 501.3 501.3 501.3 502.5 500.2 501.7 501.7 496.1 496.1 493.4 492.4 -9999 492.4 -9999 490.5
482.2 482.2 482.2 482.2 481.7 481.7 481.7 478.8 452.7 478.8 474.6 478.8 478.8 478.8 481.2 481.2 453.8 453.8 481.2 486.1 486.1 486.8 486.1 486.1 485.1 485.1 485.1 485.1 485.1 484.5 486.3 487.0 487.9 487.9 487.0 494.2 495.1 496.4 496.4 496.4 493.4 493.4 493.4 493.4 495.5 489.3 489.3 489.3 489.3 489.3 496.0 496.0 496.0 496.0 482.2 499.4 496.7 497.9 497.9 497.9 496.7 -9999 501.3 501.3 501.3 -9999 502.0 501.7 496.1 496.1 488.9 492.4 492.4 -9999 492.4 485.0 489.4
482.2 483.1 483.1 483.1 482.3 481.7 481.7 481.5 480.1 479.3 478.8 478.8 479.3 479.3 481.2 481.7 481.7 481.2 482.1 487.0 486.2 486.2 486.2 486.1 485.1 485.1 485.1 485.1 485.1 485.1 487.3 487.9 488.4 488.4 487.0 494.2 494.2 494.2 496.4 496.4 493.4 493.9 493.9 499.3 499.3 491.3 489.3 491.3 489.3 489.3 496.0 496.0 496.0 496.0 494.2 499.4 496.7 497.9 497.9 499.4 497.9 502.6 502.6 -9999 -9999 -9999 502.0 501.7 496.1 496.1 496.1 493.4 501.6 492.4 492.4 485.0 489.4
482.2 482.2 483.1 483.1 482.3 482.3 482.3 481.5 481.5 481.8 478.8 479.7 479.3 479.3 480.9 481.7 481.7 481.7 480.9 486.8 486.2 486.5 486.2 486.5 467.4 484.7 484.7 484.5 484.5 485.1 487.9 487.9 488.4 488.4 482.4 494.2 494.2 494.2 -9999 494.2 493.4 493.9 495.5 496.8 499.3 491.3 491.3 491.3 491.3 491.3 496.0 496.0 496.0 496.0 496.0 499.4 496.7 499.4 499.4 499.4 497.9 -9999 -9999 -9999 -9999 -9999 500.2 496.1 496.1 488.9 488.9 500.0 486.4 501.6 501.6 485.0 489.4
482.2 482.2 483.1 483.1 482.3 482.3 482.3 481.5 481.5 481.8 481.8 481.8 481.8 479.7 480.9 480.9 481.7 481.7 480.9 486.2 486.8 486.5 487.0 486.1 485.1 485.9 485.9 484.5 485.9 486.1 486.3 486.3 487.0 487.0 482.4 494.2 498.1 498.1 498.1 494.2 493.4 493.9 495.5 496.8 496.8 491.3 491.3 491.3 491.3 491.3 496.0 496.0 496.0 496.0 496.0 496.0 499.4 499.4 499.4 497.9 497.9 -9999 -9999 -9999 -9999 501.3 501.7 496.1 496.1 488.9 488.9 493.4 493.4 485.0 485.0 -9999 -9999
474.4 482.2 482.2 482.2 482.3 482.3 481.5 481.5 481.5 481.8 481.8 481.8 481.8 479.6 481.2 481.7 480.9 480.9 480.9 486.2 487.0 485.7 485.7 485.7 490.9 490.9 490.9 490.9 490.9 490.9 493.5 490.1 490.1 490.1 494.8 487.3 488.0 488.0 488.0 488.8 494.3 494.3 494.3 495.6 495.6 490.8 490.8 492.5 492.5 492.5 491.8 494.2 494.2 494.2 494.2 491.8 495.3 496.6 496.6 496.6 496.6 -9999 -9999 -9999 -9999 505.3 495.5 495.5 495.5 487.8 487.8 485.7 491.6 499.3 500.8 492.8 -9999
480.5 480.5 478.3 478.3 490.4 490.4 490.4 490.4 490.4 481.2 487.5 486.9 486.9 484.1 486.2 486.2 488.5 487.8 487.8 486.1 486.1 485.7 484.3 485.7 491.8 491.8 491.8 491.8 490.9 491.8 493.5 494.8 493.5 493.5 493.5 488.0 488.8 488.8 488.0 487.3 494.3 495.6 495.6 495.6 495.6 492.5 492.5 492.5 492.5 492.5 494.2 494.2 494.2 494.2 491.8 494.2 495.3 496.6 496.6 -9999 496.6 505.3 -9999 -9999 505.3 505.3 495.5 495.5 482.6 482.6 482.6 485.7 491.6 491.6 500.8 492.8 -9999
485.1 485.1 485.1 485.1 484.0 490.4 491.5 490.4 484.0 486.9 486.9 486.9 484.1 486.9 491.7 491.7 491.7 485.3 488.5 486.1 486.4 485.7 485.7 486.4 491.8 491.8 491.8 491.8 490.9 490.4 493.4 493.5 493.5 493.6 494.8 488.8 487.3 487.7 488.0 488.0 490.7 494.3 494.3 495.6 495.6 492.5 492.0 492.5 492.5 490.1 491.8 491.8 491.8 494.2 494.2 -9999 496.6 496.6 496.6 -9999 -9999 505.3 505.3 505.3 505.3 498.3 495.5 495.5 482.6 482.6 482.6 485.7 492.8 491.6 500.8 500.8 -9999
