data-raw/LC_corine/example_grid.asc
ncols 134
nrows 167
xllcorner 659356
yllcorner 5535360
cellsize 1000
nodata_value -9999
[rows 34 to 67 of 167, columns 0 to 76 of 134]
485.1 485.1 485.1 485.1 484.0 490.4 491.5 484.0 491.5 486.9 486.9 486.9 486.9 486.9 491.7 491.7 491.7 491.7 488.5 484.3 484.3 486.4 486.4 486.4 491.8 491.8 491.8 491.8 490.4 490.4 490.1 493.5 493.5 493.5 493.6 488.8 488.0 487.3 488.0 488.0 490.7 494.7 494.7 494.7 495.6 492.0 492.0 492.0 492.5 492.5 494.2 489.5 491.8 489.5 -9999 -9999 498.4 496.6 496.6 496.6 496.6 505.3 505.3 505.3 498.3 498.3 495.5 482.6 482.6 482.6 482.6 492.8 492.8 492.8 499.3 500.8 495.1
482.7 482.7 478.3 478.3 490.4 490.4 490.4 490.4 490.4 486.9 486.9 486.9 486.9 486.9 491.7 491.7 486.3 491.7 486.3 489.3 484.3 484.3 484.3 486.4 486.4 489.7 491.8 489.7 490.4 487.0 -9999 493.5 493.5 493.5 493.4 488.0 487.3 487.3 488.0 488.0 462.0 494.7 495.6 494.7 494.7 490.8 492.0 492.0 492.5 492.0 493.0 489.5 489.5 489.5 -9999 -9999 -9999 -9999 496.6 496.6 498.4 505.3 505.3 505.3 498.3 498.3 495.5 482.6 482.6 482.6 481.4 491.6 492.8 499.3 490.1 500.8 504.8
482.7 482.7 485.1 482.7 490.6 490.6 490.6 490.6 490.6 486.9 486.9 486.9 486.9 486.9 491.7 491.7 491.7 491.7 486.3 489.3 488.2 488.2 488.2 484.3 484.3 489.7 487.0 487.0 496.0 489.7 493.5 493.6 493.6 493.6 484.4 490.5 490.2 492.0 491.9 491.4 462.1 489.7 492.6 492.5 492.5 491.5 493.3 493.3 493.8 493.3 490.1 490.3 490.3 490.3 490.3 -9999 -9999 -9999 -9999 503.0 502.6 505.8 502.9 499.7 499.7 499.7 486.7 486.7 487.9 487.9 501.2 481.9 -9999 484.3 484.3 484.3 487.0
488.7 487.8 488.7 487.8 489.4 489.4 489.4 489.4 489.4 490.1 490.1 490.1 490.1 490.1 492.4 492.4 492.4 492.4 485.0 490.2 490.2 490.2 496.1 490.2 490.2 491.5 498.7 498.7 491.5 495.1 484.6 484.7 484.7 484.7 484.7 491.4 491.4 491.9 491.4 486.2 492.6 492.6 492.6 492.6 492.6 488.6 490.7 490.7 471.5 471.5 490.1 493.6 491.9 491.9 -9999 -9999 -9999 -9999 500.6 500.6 503.0 502.9 499.7 499.7 499.7 485.3 487.9 487.9 486.7 501.2 501.2 481.9 497.1 484.3 487.5 484.3 489.5
488.7 488.7 488.7 487.8 489.4 489.4 489.4 489.4 489.4 490.1 490.1 490.1 490.1 490.1 492.4 492.4 492.4 492.4 492.4 494.9 496.1 496.1 496.1 489.6 492.4 498.9 498.7 498.9 494.7 491.5 484.4 484.6 484.4 484.6 486.7 491.9 491.4 491.1 491.4 491.4 486.0 492.0 492.5 492.5 492.5 489.5 490.1 490.7 490.7 490.7 493.6 490.1 493.6 493.6 491.9 -9999 503.0 503.0 -9999 503.0 500.6 501.1 499.7 499.7 485.3 485.3 487.9 487.9 486.7 503.8 501.2 497.1 497.1 487.5 487.5 487.5 489.5
488.7 488.7 488.7 482.9 489.4 489.4 489.4 489.4 489.4 490.1 490.1 490.1 490.1 490.1 492.4 492.4 492.4 492.4 492.4 494.9 496.1 496.1 489.6 492.4 489.6 498.7 498.7 498.7 494.7 491.5 484.6 484.6 484.4 484.4 484.4 491.9 491.9 491.4 491.4 491.4 492.5 486.0 492.0 492.0 492.5 490.7 490.1 489.5 495.3 490.7 490.1 490.1 490.1 490.1 490.1 491.6 -9999 503.0 503.0 500.6 498.8 499.7 499.7 503.7 485.3 485.3 486.7 501.2 501.2 503.8 501.2 497.1 484.3 487.5 487.5 487.5 495.4
487.8 488.7 488.7 488.7 489.2 489.4 489.4 489.4 489.4 490.1 490.1 490.1 490.1 490.1 492.4 492.4 492.2 492.4 492.2 489.6 489.6 492.4 489.6 496.1 496.1 498.7 498.7 498.7 494.7 491.5 484.4 484.4 484.4 484.4 484.4 491.4 491.9 491.1 491.4 491.4 492.5 486.0 492.5 492.5 492.9 490.7 489.5 490.1 490.1 490.7 490.1 493.6 490.8 490.8 490.8 490.3 499.8 502.6 502.6 495.5 495.5 499.7 502.3 503.7 502.9 502.0 503.8 506.7 506.7 501.2 501.2 497.1 487.9 494.4 492.1 492.1 489.5
487.8 487.8 488.7 488.7 489.2 489.4 489.4 489.4 489.4 490.1 490.2 490.2 490.2 490.2 492.2 492.2 492.2 487.2 485.1 492.4 492.4 496.1 496.1 489.6 496.1 498.7 498.7 498.7 498.7 494.7 -9999 484.4 484.4 486.7 486.7 491.9 491.4 491.4 491.4 490.2 492.3 486.0 492.3 492.5 492.9 490.7 490.7 487.8 494.7 494.7 490.7 490.7 490.7 491.4 491.5 491.5 497.5 497.5 492.9 495.9 495.9 501.1 501.5 500.1 498.9 498.9 495.7 495.7 495.7 498.2 487.0 497.4 497.4 500.4 493.7 493.7 492.9
474.9 474.1 474.1 474.9 484.6 484.6 484.6 484.6 484.6 490.0 490.0 485.3 485.3 490.0 488.0 488.0 484.2 484.2 484.2 495.7 495.4 495.4 495.4 495.4 495.4 486.8 486.8 486.8 482.6 484.4 481.5 485.4 485.6 485.6 485.6 486.1 484.3 484.3 484.6 484.6 485.1 486.7 491.3 490.1 489.3 494.7 487.0 487.0 494.7 494.7 491.5 491.5 491.5 494.7 494.7 494.7 494.7 492.9 492.9 495.9 495.9 501.1 501.5 501.5 498.9 498.9 497.5 498.2 495.1 498.2 -9999 -9999 496.1 500.4 500.4 493.7 492.9
474.9 474.9 474.9 475.7 484.6 479.9 479.9 484.3 484.3 485.3 490.0 485.3 490.0 490.0 488.0 484.2 488.0 488.0 488.0 495.4 495.4 495.4 495.4 495.4 495.4 486.8 486.1 482.6 479.9 484.4 485.4 483.6 483.6 485.6 485.6 455.0 455.0 481.5 482.9 482.9 486.7 485.1 491.3 490.1 490.1 494.7 494.7 494.7 487.0 494.7 494.7 494.7 491.7 491.4 491.4 491.4 492.9 492.9 495.9 494.7 499.8 501.5 501.5 501.5 501.5 498.9 497.5 497.5 497.5 497.5 492.8 496.1 500.4 501.1 501.1 501.1 499.4
474.9 475.7 475.7 475.7 484.3 479.9 479.9 484.3 484.3 490.0 485.3 490.0 490.0 490.0 488.0 482.2 482.2 482.2 487.0 495.4 495.4 495.4 495.4 495.4 495.4 486.8 486.1 482.6 482.6 484.4 483.6 487.7 485.6 487.7 485.6 455.0 455.0 481.5 482.9 482.9 450.2 490.1 490.1 450.2 490.1 494.7 494.7 494.7 494.7 487.5 487.5 494.7 491.7 491.4 -9999 491.4 495.9 495.9 495.9 494.7 499.8 501.5 501.5 501.5 501.5 500.9 497.5 497.3 499.3 497.5 497.5 496.1 501.1 487.8 501.1 501.1 499.4
476.5 476.5 476.5 476.5 484.7 484.3 484.3 479.9 484.3 490.0 490.0 490.0 485.3 490.0 484.2 482.2 482.2 487.0 487.0 495.4 495.4 495.4 488.2 495.4 495.4 486.8 486.8 486.1 482.6 479.9 483.6 485.6 485.6 487.0 487.0 485.5 481.5 485.5 485.5 481.5 450.2 450.2 490.1 490.1 490.1 494.7 494.7 487.5 487.5 487.5 487.5 491.7 491.4 471.8 490.4 490.7 495.1 495.9 494.7 494.7 495.9 501.1 501.5 501.5 501.5 500.9 497.4 497.4 495.1 499.3 492.8 500.4 501.1 487.8 487.8 487.8 486.8
474.7 474.7 474.7 477.6 481.2 484.7 484.3 484.3 484.3 490.0 490.0 484.1 489.8 490.0 488.0 488.0 482.0 487.0 488.0 495.4 495.4 495.4 495.4 495.4 495.4 486.8 486.1 486.1 482.6 486.6 483.6 483.6 487.7 487.0 487.0 482.9 481.5 485.5 482.9 482.9 450.2 450.2 490.1 490.1 490.1 494.7 494.7 494.7 487.5 487.5 487.5 488.0 488.0 471.8 490.7 490.7 495.1 496.1 496.1 494.7 498.9 494.7 491.8 491.8 491.8 492.7 500.6 502.2 498.5 504.5 502.2 502.1 502.6 502.6 488.7 488.7 506.4
479.4 480.2 480.2 480.2 489.9 489.9 489.9 489.9 489.9 482.1 482.1 485.5 488.0 485.5 489.7 487.6 490.4 487.6 487.6 479.7 479.7 479.7 479.7 479.7 479.9 492.3 492.3 487.5 485.6 487.5 480.9 480.9 480.9 480.9 483.7 481.3 481.3 478.6 478.6 481.8 477.8 452.3 496.1 496.1 496.1 486.0 486.0 486.0 469.2 485.1 482.5 473.5 473.5 490.7 490.7 490.4 498.9 492.1 492.1 498.9 492.1 491.8 491.8 491.8 494.3 492.7 502.2 498.5 502.2 502.2 502.2 502.1 502.6 502.6 502.6 503.5 506.4
480.2 480.2 480.2 480.2 490.6 490.4 490.4 483.2 490.4 488.0 488.0 485.5 485.5 488.0 489.7 490.4 487.6 487.6 487.6 487.6 475.9 475.9 475.9 479.7 479.9 492.3 487.5 487.5 492.5 487.5 481.1 480.9 484.7 480.9 483.7 481.3 478.6 478.6 478.6 478.6 480.8 480.8 477.8 496.1 496.1 486.0 486.0 469.2 469.2 469.2 477.2 473.5 490.7 490.7 459.3 459.3 491.4 498.9 491.4 492.1 491.4 491.8 494.3 491.8 492.7 492.7 504.5 498.5 502.2 502.2 502.2 502.1 502.6 502.1 498.3 498.3 506.4
480.3 480.3 480.3 479.9 490.6 490.4 483.2 490.4 490.0 488.0 488.0 485.5 488.0 485.5 487.6 487.6 487.6 487.6 487.6 487.6 479.7 479.7 479.9 476.8 476.8 487.5 492.5 485.6 492.5 488.7 481.1 480.9 480.9 480.9 480.9 481.3 478.6 481.3 478.6 478.6 483.4 480.8 480.8 477.8 452.3 452.9 486.0 486.0 469.2 485.1 477.2 473.5 490.7 490.7 459.3 489.1 492.1 492.1 491.4 491.4 498.9 494.3 491.8 491.8 494.3 494.3 502.2 498.5 503.0 502.2 502.2 502.6 501.5 502.6 502.6 501.3 506.4
480.3 480.3 479.9 479.9 483.2 483.2 483.9 490.4 490.0 481.3 488.0 485.5 485.5 488.0 489.7 487.6 487.6 487.6 487.6 487.6 479.7 479.9 479.9 479.9 479.9 492.3 492.5 485.6 492.5 487.5 481.1 481.1 484.7 484.7 484.7 481.3 481.3 478.6 478.6 478.6 483.4 483.4 483.4 483.4 452.3 486.0 486.0 486.0 452.9 485.1 -9999 473.5 473.5 490.7 459.3 459.3 498.9 462.5 498.9 498.9 498.9 494.3 491.8 494.3 491.8 492.7 498.5 503.0 502.2 502.2 502.2 501.5 501.5 498.3 498.3 503.5 506.4
480.3 480.3 480.3 480.3 483.2 490.4 490.4 490.4 490.4 488.0 485.5 485.5 488.0 488.0 489.7 487.6 487.6 487.6 487.6 487.6 479.9 479.9 479.9 479.9 476.8 492.5 485.6 492.5 485.6 492.5 484.5 484.5 480.9 480.9 480.9 478.6 481.8 481.8 481.8 478.6 465.0 452.3 454.4 452.3 452.3 452.9 452.9 452.9 452.9 485.1 477.2 473.5 473.5 490.7 490.7 489.1 498.9 498.9 498.9 498.9 498.9 494.3 494.3 494.3 491.8 491.8 501.3 501.3 502.2 502.2 498.5 501.5 501.5 499.9 500.0 500.0 500.0
466.2 466.2 467.5 466.2 479.8 479.8 479.6 479.6 479.6 479.9 479.9 479.9 479.9 481.5 477.9 477.9 477.9 477.9 477.9 478.3 485.6 485.6 485.6 483.0 487.1 479.6 481.5 485.0 485.0 485.0 486.1 479.0 486.1 486.1 482.3 482.6 482.6 482.6 482.6 481.2 451.5 464.2 454.0 451.5 464.2 453.2 453.2 453.2 479.8 453.2 476.5 474.6 474.6 490.4 490.4 490.4 483.2 483.2 458.0 483.2 483.2 495.8 495.8 495.8 495.8 495.8 496.1 496.1 496.1 491.7 491.7 499.9 499.9 499.9 499.9 499.9 499.6
466.2 466.2 466.2 467.5 479.8 472.8 479.8 479.6 479.6 479.9 479.9 479.9 479.9 481.5 477.9 477.9 477.9 478.3 475.6 475.6 485.6 483.0 483.0 487.1 481.4 479.6 485.0 485.0 481.5 485.0 486.1 486.1 479.0 486.1 486.1 482.6 482.6 482.6 449.4 449.4 477.1 464.2 455.1 471.2 455.1 453.2 453.2 453.2 453.2 453.2 464.3 482.2 482.2 470.2 474.6 490.4 483.2 483.2 483.2 483.2 483.2 467.8 495.8 495.8 495.8 495.8 496.1 496.1 491.7 491.7 491.7 499.9 499.9 499.9 500.0 500.0 500.0
485.9 485.9 466.2 467.5 479.8 479.8 477.7 472.8 477.7 479.9 479.9 479.9 479.9 481.5 477.9 477.9 478.3 475.6 475.6 475.6 483.0 485.6 487.1 481.4 481.4 485.0 481.5 481.5 485.0 485.0 486.1 486.1 450.3 479.0 450.3 449.4 449.4 449.4 449.4 449.4 477.1 455.1 451.5 455.1 455.1 453.2 453.2 453.2 467.1 453.2 464.3 474.6 482.2 490.7 474.6 474.6 481.0 483.2 483.2 483.2 483.2 495.8 465.6 495.8 495.8 495.8 496.1 496.1 496.1 491.7 491.7 499.9 499.9 499.9 499.9 499.9 499.9
485.9 466.2 466.2 466.2 479.8 479.8 479.8 477.7 472.8 478.2 481.5 479.9 479.9 479.9 477.9 477.9 478.3 478.3 478.3 475.6 487.1 487.1 481.4 481.4 487.1 485.0 485.0 485.0 485.0 485.0 486.1 486.1 486.1 450.3 479.0 449.4 449.4 449.4 481.2 481.2 477.1 477.1 477.1 464.2 451.5 453.2 453.2 453.2 453.2 453.2 453.2 474.6 474.6 482.2 490.7 474.6 481.0 458.0 483.6 481.0 467.3 495.8 491.4 492.9 495.8 495.8 496.1 489.8 491.7 491.7 491.7 498.9 499.9 499.9 499.9 499.9 499.9
464.4 466.2 466.2 485.9 479.8 476.8 479.6 479.6 479.6 474.3 481.5 481.5 481.5 479.9 478.3 478.3 478.3 478.3 475.6 475.6 483.0 487.1 481.4 487.1 487.1 485.0 485.0 485.0 485.0 485.0 486.1 486.1 486.1 450.3 485.3 449.4 466.1 452.5 481.2 452.5 477.1 477.1 451.5 451.5 464.2 451.5 453.2 453.2 453.2 453.2 453.2 457.0 457.0 457.0 482.2 490.7 467.3 481.1 481.1 478.6 481.1 492.9 492.9 495.8 495.8 495.8 496.1 496.1 494.4 491.7 491.7 498.9 498.9 498.9 499.9 484.3 484.3
485.9 464.4 485.9 485.9 476.8 476.8 476.8 472.8 479.8 481.5 479.9 474.3 481.5 474.4 468.5 468.5 468.5 466.6 466.6 466.6 492.2 492.2 484.9 486.9 486.9 476.2 476.2 476.2 479.3 476.2 479.6 479.6 481.8 483.9 450.9 443.2 458.0 443.2 446.9 469.4 476.7 476.7 449.9 449.9 449.9 463.4 449.4 449.4 449.4 449.4 449.4 454.7 454.7 454.7 454.7 478.6 488.1 487.5 489.6 492.3 492.3 480.3 480.3 492.3 492.3 492.3 489.1 489.1 489.1 487.5 484.9 498.0 496.0 496.0 496.0 482.5 493.5
479.6 458.7 455.0 458.7 453.4 455.1 455.1 453.4 455.1 474.4 474.4 473.6 466.9 474.4 468.5 468.5 475.8 466.6 466.6 466.6 486.9 492.2 484.9 492.2 492.2 476.2 476.2 479.3 476.2 476.2 481.8 481.8 450.9 483.9 450.9 475.0 457.2 443.2 469.4 469.4 476.7 463.4 449.9 463.4 463.4 463.4 449.4 449.4 449.4 449.4 449.4 454.7 454.7 478.2 483.1 483.1 487.5 487.5 489.6 489.6 492.3 492.3 492.3 492.3 492.3 492.3 489.1 489.1 489.1 487.5 487.5 498.0 498.0 499.5 493.5 498.9 498.0
461.4 461.4 458.7 458.7 453.4 455.1 455.1 455.1 455.1 474.4 474.4 473.6 473.6 466.9 468.5 468.5 475.8 468.5 466.6 466.6 486.9 488.1 482.8 484.9 486.9 476.2 476.2 479.3 479.3 476.7 481.8 450.9 450.9 450.9 450.9 469.8 443.2 443.2 469.4 453.8 449.9 463.4 463.4 463.4 449.9 463.4 449.4 449.4 449.4 449.4 449.4 454.7 454.7 454.7 454.7 454.7 485.5 487.5 487.5 489.6 489.6 492.3 492.3 492.3 492.3 492.3 489.1 489.1 489.1 489.1 489.1 498.9 496.0 499.5 499.5 498.0 498.0
441.5 455.0 458.7 458.7 453.4 453.4 453.4 453.4 453.4 471.7 471.7 474.4 474.4 466.9 465.9 468.5 468.5 468.5 466.6 466.6 486.9 492.2 492.2 484.9 492.2 479.3 479.3 479.3 479.3 476.7 450.9 450.9 450.9 450.9 450.9 456.4 443.2 453.8 446.9 458.0 463.4 463.4 463.4 463.4 449.9 449.9 449.4 449.4 449.4 472.7 449.4 454.7 454.7 454.7 454.7 454.7 485.5 459.1 489.6 487.5 490.5 492.3 492.3 492.3 492.3 492.4 488.9 489.1 489.1 489.1 489.1 499.5 496.0 499.5 498.9 498.0 498.0
456.8 435.1 435.1 461.4 455.1 455.1 453.4 453.4 453.4 474.4 474.4 474.4 474.4 474.4 474.4 468.5 465.9 468.5 468.5 466.6 486.9 491.4 492.2 484.9 449.1 447.3 447.3 447.3 447.3 447.3 450.9 464.3 450.9 450.9 450.9 443.2 458.0 458.0 458.0 446.9 453.4 476.7 476.7 449.9 449.9 449.9 472.7 449.4 449.4 449.4 449.4 454.7 454.7 478.2 454.7 454.7 485.5 485.5 487.5 490.5 490.5 484.8 484.8 492.4 492.4 492.4 488.9 488.9 488.9 488.9 488.9 499.5 496.0 499.5 499.5 498.0 499.5
445.3 445.3 445.3 445.3 455.1 455.1 453.4 453.4 453.4 473.6 474.4 466.9 474.4 474.4 474.4 468.5 468.5 469.0 468.5 468.5 491.4 486.9 492.2 484.9 485.6 471.1 449.6 449.6 475.2 475.2 451.6 451.6 451.6 451.6 451.6 448.0 461.0 448.0 461.0 461.0 454.0 454.0 444.0 454.0 454.0 444.0 451.6 463.2 451.6 451.6 451.6 451.6 473.1 451.6 451.6 451.6 480.8 475.1 480.8 481.2 481.2 484.1 484.1 484.1 492.4 484.1 486.1 487.2 487.2 487.2 487.5 491.9 491.9 490.3 491.9 491.9 487.0
447.6 447.6 435.6 435.6 442.8 439.4 457.8 456.1 456.1 454.4 456.8 450.1 456.8 456.8 456.8 459.4 459.4 459.4 459.4 462.2 484.6 480.9 484.6 477.9 478.7 449.6 449.6 449.6 449.6 449.6 451.6 451.6 476.8 466.3 466.3 448.0 461.0 448.0 450.9 450.9 445.1 454.0 454.0 445.1 444.0 444.0 451.6 451.6 451.6 475.5 451.6 451.6 451.6 451.6 451.6 451.6 480.8 475.1 480.8 481.2 484.5 492.4 480.2 480.2 492.4 492.4 486.1 486.1 486.1 487.2 487.2 491.6 487.1 491.9 491.9 491.9 487.0
447.6 447.6 447.6 435.6 442.8 439.4 439.4 457.8 456.1 454.4 456.8 456.8 456.8 456.8 456.8 462.2 462.2 462.2 462.2 462.2 480.9 484.6 484.6 449.4 478.7 449.6 449.6 449.6 449.6 449.6 451.6 451.6 476.8 451.6 482.3 448.0 448.0 456.5 472.5 472.5 445.1 445.1 454.0 454.0 454.0 454.0 451.6 451.6 463.2 451.6 451.6 451.6 451.6 451.6 451.6 451.6 480.8 475.1 480.8 483.1 485.9 492.4 492.4 480.2 492.4 492.4 487.2 487.2 486.1 487.2 487.5 487.2 487.1 491.9 491.9 491.9 487.1
454.1 447.6 447.6 454.1 439.4 439.4 439.4 439.4 439.4 456.7 454.4 454.4 456.8 456.8 456.8 462.2 462.2 462.2 462.2 459.4 484.6 484.6 449.4 449.4 477.9 449.6 449.6 449.6 449.6 449.6 451.6 451.6 451.6 451.6 466.3 461.0 461.0 450.9 448.0 448.0 444.0 444.0 454.0 454.0 454.0 454.0 463.2 463.2 451.6 451.6 451.6 451.6 451.6 451.6 451.6 451.6 480.8 475.1 485.9 485.9 485.9 484.1 480.2 492.4 492.4 492.4 487.2 486.1 487.2 487.2 487.2 482.2 487.1 487.1 491.9 491.9 487.1
462.6 462.6 462.6 460.4 457.7 457.7 457.7 457.7 457.7 455.6 456.8 455.6 455.6 454.4 456.8 459.4 459.4 462.2 459.4 459.4 484.6 449.4 449.4 478.7 449.4 449.6 449.6 449.6 449.6 449.6 451.6 451.6 456.1 476.8 476.8 467.9 448.0 448.0 448.0 448.0 444.0 444.0 444.0 454.0 454.0 454.0 480.4 451.6 451.6 451.6 451.6 451.6 451.6 451.6 451.6 451.6 456.7 475.1 467.9 485.9 485.9 492.4 492.4 492.4 492.4 492.4 487.2 487.2 487.2 487.2 487.2 482.2 491.9 491.9 491.9 487.1 487.1
460.4 460.4 462.2 460.4 457.7 457.7 457.7 457.7 457.7 456.8 456.8 456.8 454.4 456.8 454.4 459.4 459.4 459.4 459.4 462.2 484.6 449.4 449.4 478.7 461.0 460.2 460.2 449.6 449.6 449.6 461.9 476.8 451.6 451.6 451.6 448.0 448.0 448.0 448.0 441.2 440.7 440.7 440.7 440.7 440.7 451.9 453.0 465.6 453.0 441.5 441.5 457.8 457.8 457.8 457.8 457.8 455.5 475.9 484.9 455.5 455.5 490.0 490.0 490.0 490.0 490.0 492.9 492.9 492.9 492.9 492.9 481.9 492.4 492.4 492.4 487.0 487.0
